00000000000000000000000000000000000000000000000003333333300000333330000000000000000000000000000000000000000000000000
00000000000000000000000000000000000000000000000003222222230000322230000000000000000000000000000000000000000000000000
00000000000000000000000000000000000000000000000003222332223000322230000000000000000000000000000000000000000000000000
00000000000000000000000000000000000000000000000003222303222300322230000000000000000000000000000000000000000000000000
00000000000000000000000000000000000000000000000003222300322230322230000000000000000000000000000000000000000000000000
00000000000000000000000000000000000000000000000003222300032223322230000000000000000000000000000000000000000000000000
00000000000000000000000000000000000000000000000003222300003222222230000000000000000000000000000000000000000000000000
00000000000000000000000000000000000000000000000003333300000333333330000000000000000000000000000000000000000000000000
00000000000000000000000000000000000000000000000000000000000000000000000000000000000000000000000000000000000000000000
00000000000000000000000000000000000000000000000000000000000000000000000000000000000000000000000000000000000000000000
00000000000000000000000000000000000000000000000000001111111111111000000000000000000000000000000000000000000000000000
00000000000000000000000000000000000000000000000111111111111111111111110000000000000000000000000000000000000000000000
00000000000000000000000000000000000000000000111111111111111111111111111110000000000000000000000000000000000000000000
00000000000000000000000000000000000000000011111111111111111111111111111111100000000000000000000000000000000000000000
00000000000000000000000000000000000000011111111111111111111111111111111111111100000000000000000000000000000000000000
00000000000000000000000000000000000000111111111111110000000000000111111111111110000000000000000000000000000000000000
00000000000000000000000000000000000011111111111100000000000000000000011111111111100000000000000000000000000000000000
00000000000000000000000000000000001111111111100000000000000000000000000011111111111000000000000000000000000000000000
00000000000000000000000000000000011111111100000000000000000000000000000000011111111100000000000000000000000000000000
00000000000000000000000000000000111111110000000000000000000000000000000000000101111110000000000000000000000000000000
00000000000000000000000000000001111111100000000000000000000000000000000000000011111111000000000000000000000000000000
00000000000000000000000000000011111110000000000000000000000000000000000000000000111111100000000000000000000000000000
00000000000000000000000000000111111100000000000000000000000000000000000000000000011111110000000000000000000000000000
00000000000000000000000000001111110000000000000000000000000000000000000000000000000111111000000000000000000000000000
00000000000000000000000000011111100000000000000000000000000000000000000000000000000011111100000000000000000000000000
00000000000000000000000000111111000000000000000000000000000000000000000000000000000001111110000000000000000000000000
00000000000000000000000001111110000000000000000000000000000000000000000000000000000000111111000000000000000000000000
00000000000000000000000001111110000000000000000000000000000000000000000000000000000000111111000000000000000000000000
00000000000000000000000011111100000000000000000000000000000000000000000000000000000000011111100000000000000000000000
00000000000000000000000111111000000000000000000000000000000000000000000000000000000000001111110000000000000000000000
00000000000000000000000111110000000000000000000000000000000000000000000000000000000000000111110000000000000000000000
00000000000000000000001111110000000000000000000000000000000000000000000000000000000000000111111000000000000000000000
00000000000000000000001111100000000000000000000000000000000000000000000000000000000000000011111000000000000000000000
00000000000000000000011111100000000000000000000000000000000000000000000000000000000000000011111100000000000000000000
00000000000000000000011111000000000000000000000000000000000000000000000000000000000000000001111100000000000000000000
00000000000000000000011111000000000000000000000000000000000000000000000000000000000000000001111100000000000000000000
00000000000000000000111111000000000000000000000000000000000000000000000000000000000000000001111110000000000000000000
00000000000000000000111110000000000000000000000000000000000000000000000000000000000000000000111110000000000000000000
00000000000000000000111110000000000000000000000000000000000000000000000000000000000000000000111110000000000000000000
00000000000000000000111110000000000000000000000000000000000000000000000000000000000000000000111110000000000000000000
00000000000000000001111100000000000000000000000000000000000000000000000000000000000000000000011111000333333333330000
33330000300003333001111100000000000000000000000000000000000000000000000000000000000000000000011111000322222222230000
32230003230003223001111100000000000000000000000000000000000000000000000000000000000000000000011111000322222222230000
32230032223003223001111100000000000000000000000000000000000000000000000000000000000000000000011111000322333333330000
32230322222303223001111100000000000000000000000000000000000000000000000000000000000000000000011111000322333333330000
32233222332233223001111100000000000000000000000000000000000000000000000000000000000000000000011111000322222223000000
32222223032222223001111100000000000000000000000000000000000000000000000000000000000000000000011111000322222223000000
32222230003222223001111100000000000000000000000000000000000000000000000000000000000000000000011111000322333333000000
33333300000333333001111100000000000000000000000000000000000000000000000000000000000000000000011111000322333333330000
00000000000000000001111100000000000000000000000000000000000000000000000000000000000000000000011111000322222222230000
00000000000000000001111100000000000000000000000000000000000000000000000000000000000000000000011111000322222222230000
00000000000000000000111110000000000000000000000000000000000000000000000000000000000000000000111110000333333333330000
00000000000000000000111110000000000000000000000000000000000000000000000000000000000000000000111110000000000000000000
00000000000000000000111110000000000000000000000000000000000000000000000000000000000000000000111110000000000000000000
00000000000000000000111110000000000000000000000000000000000000000000000000000000000000000000111110000000000000000000
00000000000000000000011111000000000000000000000000000000000000000000000000000000000000000001111100000000000000000000
00000000000000000000011111000000000000000000000000000000000000000000000000000000000000000001111100000000000000000000
00000000000000000000011111100000000000000000000000000000000000000000000000000000000000000011111100000000000000000000
00000000000000000000001111100000000000000000000000000000000000000000000000000000000000000011111000000000000000000000
00000000000000000000001111110000000000000000000000000000000000000000000000000000000000000111111000000000000000000000
00000000000000000000000111110000000000000000000000000000000000000000000000000000000000000111110000000000000000000000
00000000000000000000000111111000000000000000000000000000000000000000000000000000000000001111110000000000000000000000
00000000000000000000000011111100000000000000000000000000000000000000000000000000000000011111100000000000000000000000
00000000000000000000000001111110000000000000000000000000000000000000000000000000000000111111000000000000000000000000
00000000000000000000000001111110000000000000000000000000000000000000000000000000000000111111000000000000000000000000
00000000000000000000000000111111000000000000000000000000000000000000000000000000000001111110000000000000000000000000
00000000000000000000000000011111100000000000000000000000000000000000000000000000000011111100000000000000000000000000
00000000000000000000000000001111110000000000000000000000000000000000000000000000000111111000000000000000000000000000
00000000000000000000000000000111111100000000000000000000000000000000000000000000011111110000000000000000000000000000
00000000000000000000000000000011111110000000000000000000000000000000000000000000111111100000000000000000000000000000
00000000000000000000000000000001111111100000000000000000000000000000000000000011111111000000000000000000000000000000
00000000000000000000000000000000111111110000000000000000000000000000000000000111111110000000000000000000000000000000
00000000000000000000000000000000011111111100000000000000000000000000000000011111111100000000000000000000000000000000
00000000000000000000000000000000001111111111100000000000000000000000000011111111111000000000000000000000000000000000
00000000000000000000000000000000000011111111111100000000000000000000011111111111100000000000000000000000000000000000
00000000000000000000000000000000000000111111111111110000000000000111111111111110000000000000000000000000000000000000
00000000000000000000000000000000000000011111111111111111111111111111111111111100000000000000000000000000000000000000
00000000000000000000000000000000000000000011111111111111111111111111111111100000000000000000000000000000000000000000
00000000000000000000000000000000000000000000111111111111111111111111111110000000000000000000000000000000000000000000
00000000000000000000000000000000000000000000000111111111111111111111110000000000000000000000000000000000000000000000
00000000000000000000000000000000000000000000000000001111111111111000000000000000000000000000000000000000000000000000
00000000000000000000000000000000000000000000000000000000000000000000000000000000000000000000000000000000000000000000
00000000000000000000000000000000000000000000000000000000333333000000000000000000000000000000000000000000000000000000
00000000000000000000000000000000000000000000000000000003222222300000000000000000000000000000000000000000000000000000
00000000000000000000000000000000000000000000000000000032222222230000000000000000000000000000000000000000000000000000
00000000000000000000000000000000000000000000000000000322233333223000000000000000000000000000000000000000000000000000
00000000000000000000000000000000000000000000000000000322230000330000000000000000000000000000000000000000000000000000
00000000000000000000000000000000000000000000000000000003222222300000000000000000000000000000000000000000000000000000
00000000000000000000000000000000000000000000000000000000000002223000000000000000000000000000000000000000000000000000
00000000000000000000000000000000000000000000000000000322333332223000000000000000000000000000000000000000000000000000
00000000000000000000000000000000000000000000000000000032222222230000000000000000000000000000000000000000000000000000
00000000000000000000000000000000000000000000000000000003222222300000000000000000000000000000000000000000000000000000
00000000000000000000000000000000000000000000000000000000333333000000000000000000000000000000000000000000000000000000
